111 58
111 58
111 58
111 58
111 58
111 58
111 58
111 58
111 58
111 58
111 58
111 58
111 58
111 58
111 58
111 58
111 58
111 58
111 58
111 58
111 58
107 64
107 64
107 64
107 64
107 64
107 64
107 64
107 64
107 64
107 64
107 64
107 64
107 64
107 64
107 64
107 64
107 64
107 64
107 64
107 64
107 64
107 64
107 64
114 46
114 46
114 46
114 46
114 46
114 46
114 46
114 46
114 46
114 46
114 46
114 46
114 46
114 46
114 46
114 46
114 46
114 46
114 46
114 46
114 46
114 46
114 46
114 46
114 46
104 47
104 47
104 47
104 47
104 47
104 47
104 47
104 47
104 47
104 47
104 47
104 47
104 47
104 47
104 47
104 47
104 47
104 47
104 47
104 47
104 47
104 47
104 47
104 47
