0.678162 0.495412 -1.85252
0.476012 0.302225 -1.94325
-0.0120583 0.190426 -2.00384
0.173063 0.419782 -1.96482
-0.0686998 0.127452 -2.04874
-0.0165701 0.504614 -1.5164
0.665358 0.582714 -1.8367
0.563271 0.28803 -1.86576
0.513326 0.126233 -1.99995
-0.554246 0.82211 -3.34593
0.0392146 0.254793 -1.99156
0.072784 0.375255 -2.06819
-0.0636251 0.401922 -1.98602
-0.0180117 0.401259 -1.92538
0.517806 0.422727 -1.80495
-0.0662849 0.700783 -2.17973
0.488456 0.117292 -1.93595
-0.0616201 0.400798 -1.98408
-0.0149701 0.505676 -1.52056
0.48416 0.396541 -1.73593
0.0292259 0.568777 -1.90782
-0.0718311 0.534321 -1.92238
0.0319456 0.543161 -1.93152
0.158971 0.41063 -1.99478
-0.0357596 0.385521 -2.01365
0.0882359 0.40186 -1.3077
0.543195 0.0326809 -1.83573
1.01885 0.0535227 -4.12781
-0.0431185 0.513224 -1.53024
0.0446002 0.258752 -1.9941
0.693148 0.505277 -1.88202
0.452469 0.390699 -1.98251
0.399457 0.0840779 -4.25286
0.0247074 0.567286 -1.91448
0.227885 0.107134 -1.93807
0.0655985 0.394745 -1.29795
0.118641 0.290376 -1.26988
0.489131 0.307344 -1.94909
-0.030723 0.386975 -2.00587
