-2.028 -0.39193 1.31607
-2.62463 -0.779687 1.08461
-0.872188 -0.596489 1.22454
-0.962179 -0.501647 1.21348
-2.35655 -0.713475 0.910465
-0.875313 -0.0743729 1.21184
-0.923837 -0.220726 1.21647
-1.09317 -0.247584 1.24516
-0.964787 -0.299444 1.25815
-1.14606 -0.385812 1.21336
-1.20967 -0.510191 1.18128
-1.8389 -0.365767 1.11012
-1.09059 -0.245429 1.23625
-1.20797 -0.303715 1.21635
-0.965479 -0.198293 1.28414
-1.05251 -0.12636 1.25031
-1.12265 -0.514995 1.20631
-0.965501 -0.705362 1.16821
-1.11368 -0.305655 1.22518
-1.08746 -0.178503 1.24133
-1.13144 -0.139954 1.23738
-2.06271 -0.597006 0.933894
-1.03641 -0.690297 1.1298
-0.996076 -0.389866 1.18801
-1.2289 -0.594931 1.16259
-0.984485 -0.335612 1.24013
-2.76121 0.160789 -0.0987073
-1.85275 -0.599954 1.32978
-0.962179 -0.501647 1.21348
-2.88934 0.0437373 0.554876
-2.97344 -0.581104 0.275362
-2.8836 -0.63948 0.606491
-1.04399 -0.704812 1.14808
-2.88629 -0.342386 0.320835
-1.09317 -0.247584 1.24516
-2.53329 -0.860416 0.360601
-1.52181 0.227759 0.491491
-1.22456 -0.16121 1.21926
-2.83476 0.155897 -0.0811658
-2.89001 -0.589821 0.440487
-2.9186 -0.151158 0.510933
-1.31749 -0.686948 1.11311
-2.85998 -0.50664 -0.203428
-2.90259 -0.654074 0.848078
