-2.06271 -0.597006 0.933894
-1.23129 -0.239341 1.22342
-0.964787 -0.299444 1.25815
-1.24578 -0.540796 1.16042
-1.83312 -0.663313 1.2149
-1.01397 -0.537638 1.21138
-0.880876 -0.487563 1.24405
-1.09317 -0.247584 1.24516
-0.963538 -0.298042 1.25722
-0.944847 -0.826575 1.24679
-1.05251 -0.12636 1.25031
-0.879485 -0.4904 1.23934
-1.20329 -0.364519 1.19258
-0.818525 -0.273285 1.27571
-1.1203 -0.372947 1.21364
-1.11881 -0.380214 1.19982
-1.20027 -0.310419 1.21028
-1.22203 -0.762498 1.20301
-1.09182 -0.241496 1.22597
-2.74938 -0.615325 0.537545
-0.962179 -0.501647 1.21348
-1.01397 -0.537638 1.21138
-0.852367 -0.224892 1.22278
-0.904634 -0.393436 1.23086
-1.24578 -0.540796 1.16042
-1.22456 -0.16121 1.21926
-2.65224 0.118641 1.11805
-0.880876 -0.487563 1.24405
-2.55702 -0.64746 1.06539
-0.920379 -0.669261 1.18544
-0.825692 -0.834572 1.25939
-2.91339 -0.657896 0.861867
-0.879485 -0.4904 1.23934
-2.0931 -0.745019 0.922469
-2.06281 -0.456706 1.00121
-2.35655 -0.713475 0.910465
-0.921837 -0.404964 1.24623
-0.942357 -0.202808 1.24664
-2.4791 -0.297612 0.987411
-1.1202 -0.310448 1.1947
-1.11881 -0.380214 1.19982
-1.00761 -0.40464 1.24112
-1.5201 0.206096 0.660008
-2.10265 -0.743936 0.927367
-1.93924 -0.268413 1.08541
