-1.17286 0.149971 -3.64431
-1.31597 0.56355 -1.84104
-0.587826 -0.0533092 -3.30484
-1.60713 0.00168144 -3.62211
-1.99009 0.688474 -3.28735
-0.904485 0.345522 -3.51334
-1.90058 0.191032 -4.03189
-1.85152 0.0627546 -2.93754
-0.0816057 0.946934 -4.06849
-1.87888 0.189521 -3.99076
-1.22607 0.15328 -3.62277
-2.04472 0.0637699 -3.24783
-1.90354 0.163401 -3.78832
-1.80707 0.389773 -4.00186
-2.09436 0.668833 -3.2395
-1.2283 0.362551 -3.65891
-1.99216 0.678492 -3.32336
-0.25722 0.588427 -1.70296
0.0289688 0.458045 -1.33988
0.173063 0.419782 -1.96482
-0.907269 0.343728 -3.48699
0.0304019 0.256679 -1.99505
0.0466872 0.674802 -1.96511
-0.0381883 0.383196 -2.00999
-0.04994 0.673431 -1.97309
0.0292259 0.568777 -1.90782
0.0678761 0.544724 -1.94962
0.00381396 0.500363 -1.97241
-0.906098 0.609497 -3.50406
-0.0149701 0.505676 -1.52056
0.0294251 0.518868 -2.01899
-0.607441 1.11764 -3.08413
-0.371856 0.581622 -1.69462
-1.22607 0.15328 -3.62277
0.0305845 0.577195 -1.93625
0.0322699 0.537898 -2.04728
0.00827276 0.381742 -1.31121
