-0.564832 -0.695138 1.2842
-0.464444 -0.698836 1.30588
-0.463371 -0.768668 1.29419
-0.964787 -0.299444 1.25815
-0.87395 -0.572902 1.24381
-1.74226 -0.814261 0.52108
-0.963538 -0.298042 1.25722
-1.11694 -0.390381 1.21737
-0.560009 -0.378097 1.32362
-0.920379 -0.669261 1.18544
-0.986855 -0.332036 1.24319
-1.02488 -1.02943 1.25918
-1.01307 -0.536346 1.21175
-0.558413 -0.470075 1.29082
-2.10265 -0.743936 0.927367
-0.9002 -0.831111 1.25457
-0.874608 -0.599501 1.23596
-0.926007 -0.811209 1.21689
-0.964897 -0.702751 1.24309
-0.822755 -0.901328 1.33403
-0.571029 -0.765542 1.29943
-0.564832 -0.695138 1.2842
-0.816228 -0.595772 1.21766
-0.87395 -0.572902 1.24381
-0.923837 -0.220726 1.21647
-0.965501 -0.705362 1.16821
-1.01397 -0.537638 1.21138
-0.560009 -0.378097 1.32362
-0.96792 -0.195945 1.28595
-0.874317 -0.329503 1.25574
-0.967597 -0.701871 1.16193
-0.986855 -0.332036 1.24319
-1.06215 -0.127786 1.26523
-0.84161 -0.711295 1.28594
-0.919521 -0.401907 1.25861
-1.08746 -0.178503 1.24133
-1.09059 -0.245429 1.23625
-0.558413 -0.470075 1.29082
-0.874608 -0.599501 1.23596
-0.879485 -0.4904 1.23934
-0.865315 -0.224084 1.27066
-0.996076 -0.389866 1.18801
-0.856202 -0.225535 1.25143
-0.840495 -0.348076 1.24082
-1.04482 -0.0349674 1.26215
-0.436486 -0.558289 1.30174
-0.464444 -0.698836 1.30588
-0.816228 -0.595772 1.21766
-0.976913 -0.344134 1.21296
-0.820005 -0.573982 1.24179
-0.98765 -0.331004 1.2438
-1.01397 -0.537638 1.21138
-0.825692 -0.834572 1.25939
-0.880876 -0.487563 1.24405
-0.965501 -0.705362 1.16821
-0.84161 -0.711295 1.28594
-0.727306 -0.221063 1.30451
-0.996076 -0.389866 1.18801
-1.09059 -0.245429 1.23625
-0.94469 -0.201455 1.25836
-1.09182 -0.241496 1.22597
-0.73095 -0.223691 1.30804
-0.865315 -0.224084 1.27066
-0.856202 -0.225535 1.25143
-0.921837 -0.404964 1.24623
-0.877272 -0.498601 1.25271
-0.758388 -0.668312 1.22057
-0.984485 -0.335612 1.24013
-0.942357 -0.202808 1.24664
-0.564832 -0.695138 1.2842
-0.904634 -0.393436 1.23086
-0.440725 -0.143736 0.480881
-0.547289 -0.452241 1.31414
-1.01397 -0.537638 1.21138
-1.09317 -0.247584 1.24516
-0.880876 -0.487563 1.24405
-0.463371 -0.768668 1.29419
-0.919521 -0.401907 1.25861
-0.470819 -0.768639 1.30176
-0.986855 -0.332036 1.24319
-1.02488 -1.02943 1.25918
0.352434 -0.730883 1.40476
-1.05946 -0.881043 1.34707
-1.05251 -0.12636 1.25031
-0.558413 -0.470075 1.29082
-0.978955 -0.826897 1.20685
-0.874608 -0.599501 1.23596
-0.9002 -0.831111 1.25457
-0.444177 -0.962747 1.45269
-1.0254 -0.140174 1.20523
-0.921837 -0.404964 1.24623
-0.927 -0.371154 1.24596
-0.891139 -0.691303 1.24998
