0.363769 0.533434 -1.91777
0.476012 0.302225 -1.94325
0.474296 0.405929 -1.17624
0.643857 0.476296 -1.61062
0.173063 0.419782 -1.96482
-0.0381883 0.383196 -2.00999
0.577769 0.556647 -1.81948
-0.0504704 0.678946 -1.98376
0.665358 0.582714 -1.8367
0.947375 0.251671 -1.80595
0.0501222 0.455603 -1.26568
0.758141 0.21488 -1.81235
0.162859 0.413336 -1.15053
0.214459 0.465343 -1.28243
-0.0296682 0.418173 -1.99959
0.30993 0.41063 -1.18025
0.481503 0.304401 -1.94408
0.652119 0.241495 -1.90641
0.953581 0.255236 -1.81348
0.242153 0.434564 -1.34838
-0.0165701 0.504614 -1.5164
0.552066 0.431786 -1.33558
0.240064 0.111246 -1.97234
0.492805 0.118922 -1.93799
-0.0718311 0.534321 -1.92238
0.0322699 0.537898 -2.04728
-0.0356729 0.384578 -2.01424
0.0597683 0.467972 -1.28267
-0.0431185 0.513224 -1.53024
0.24147 0.429477 -1.32868
-0.204265 0.131287 -4.64506
0.489131 0.307344 -1.94909
0.500251 0.123629 -1.94402
0.477209 0.473243 -1.44879
0.258538 0.423518 -1.8859
0.445442 0.284474 -1.83389
