-1.84499 -0.617262 1.03007
-0.644518 0.248821 0.257075
-1.22203 -0.762498 1.20301
-0.560009 -0.378097 1.32362
-0.57056 -0.76999 1.2914
-0.904634 -0.393436 1.23086
-1.20967 -0.510191 1.18128
-0.463371 -0.768668 1.29419
-0.874608 -0.599501 1.23596
-1.20329 -0.364519 1.19258
-0.914142 -0.708874 1.19355
-0.84161 -0.711295 1.28594
-0.464444 -0.698836 1.30588
-1.82768 -0.367476 1.103
-1.1203 -0.372947 1.21364
-1.21909 -0.3734 1.21791
-0.880697 -0.496809 1.25415
-1.13453 -0.441261 1.20582
-0.459941 -0.155158 0.524419
-1.09317 -0.247584 1.24516
-0.816228 -0.595772 1.21766
-1.22525 -0.367283 1.23613
-0.556883 -0.373582 1.30174
-0.820005 -0.573982 1.24179
-1.20967 -0.510191 1.18128
-0.967597 -0.701871 1.16193
-0.874317 -0.329503 1.25574
-1.16886 -0.0437372 1.25607
-0.896456 -0.0696361 1.26718
-1.09059 -0.245429 1.23625
-1.20797 -0.303715 1.21635
-0.560009 -0.378097 1.32362
-1.05251 -0.12636 1.25031
-0.963186 -0.297446 1.25156
-0.986855 -0.332036 1.24319
-0.867676 -0.399908 1.26307
-1.14606 -0.385812 1.21336
-0.556229 -0.412216 1.30413
-0.740879 -0.548706 1.25822
-0.874608 -0.599501 1.23596
-0.879485 -0.4904 1.23934
-0.84161 -0.711295 1.28594
-1.08746 -0.178503 1.24133
-1.1347 -0.314162 1.24579
-0.984485 -0.335612 1.24013
-1.1203 -0.372947 1.21364
-0.748685 -0.317457 1.29105
-1.00932 -0.531965 1.21176
-1.82768 -0.367476 1.103
-1.11049 -0.50797 1.18937
-1.11881 -0.380214 1.19982
