-0.825692 -0.834572 1.25939
0.218546 -0.61403 1.37417
-0.727306 -0.221063 1.30451
-0.872188 -0.596489 1.22454
-0.556883 -0.373582 1.30174
-0.486302 -0.363045 1.33661
0.085601 -0.730714 1.38632
-0.963538 -0.298042 1.25722
-0.857165 -0.4242 1.23159
-0.398708 -0.678469 1.30628
-0.119756 -0.00920232 0.287888
-1.08746 -0.178503 1.24133
-0.846467 -0.378244 1.28344
-0.867676 -0.399908 1.26307
0.352434 -0.730883 1.40476
-0.558413 -0.470075 1.29082
-0.865269 -0.401151 1.26004
-0.919521 -0.401907 1.25861
-0.758647 -0.424842 1.28079
-0.383073 0.24728 0.349547
-0.727306 -0.221063 1.30451
-0.816228 -0.595772 1.21766
-0.964787 -0.299444 1.25815
-0.528839 -0.499113 1.30484
-0.486302 -0.363045 1.33661
-0.560009 -0.378097 1.32362
-0.750254 -0.434632 1.28745
-0.96792 -0.195945 1.28595
-0.87395 -0.572902 1.24381
-0.874317 -0.329503 1.25574
-0.556229 -0.412216 1.30413
-0.558413 -0.470075 1.29082
-0.919521 -0.401907 1.25861
-0.464253 -0.157277 0.527808
-0.865315 -0.224084 1.27066
