-0.556883 -0.373582 1.30174
-0.131017 -0.952862 1.45127
-0.464444 -0.698836 1.30588
-0.463371 -0.768668 1.29419
-0.486302 -0.363045 1.33661
-1.09317 -0.247584 1.24516
-0.965501 -0.705362 1.16821
-1.04399 -0.704812 1.14808
-0.84161 -0.711295 1.28594
-1.08272 -0.176952 1.23814
-0.470819 -0.768639 1.30176
-0.740879 -0.548706 1.25822
-0.986855 -0.332036 1.24319
-0.556229 -0.412216 1.30413
-0.94469 -0.201455 1.25836
-0.919521 -0.401907 1.25861
-0.942357 -0.202808 1.24664
-0.865315 -0.224084 1.27066
-0.838195 -0.585776 1.24966
-0.867733 -0.430792 1.28049
-0.785699 -0.764127 1.28757
-0.469747 -0.728027 1.37934
-0.825692 -0.834572 1.25939
-0.872188 -0.596489 1.22454
-1.04399 -0.704812 1.14808
-0.644518 0.248821 0.257075
-0.846467 -0.378244 1.28344
-0.867676 -0.399908 1.26307
0.29736 -0.736566 1.384
-0.907394 -0.704778 1.17557
0.165418 -0.124298 0.626131
-0.556229 -0.412216 1.30413
-0.838195 -0.585776 1.24966
-0.874608 -0.599501 1.23596
-0.9002 -0.831111 1.25457
-0.154269 -0.16538 0.564293
0.114815 -0.83776 1.40109
