-2.74938 -0.615325 0.537545
-2.06271 -0.597006 0.933894
-2.90878 0.0196923 0.778743
-0.962179 -0.501647 1.21348
-1.01397 -0.537638 1.21138
-2.98564 -0.656404 0.600692
-0.923837 -0.220726 1.21647
-2.62463 -0.779687 1.08461
-2.9186 -0.151158 0.510933
-2.91339 -0.657896 0.861867
-0.986855 -0.332036 1.24319
-2.93202 -0.63266 0.504001
-2.32894 -0.597289 0.913451
-1.22456 -0.16121 1.21926
-0.816228 -0.595772 1.21766
-2.88934 0.0437373 0.554876
-1.0846 -0.327601 1.20747
-2.55702 -0.64746 1.06539
-1.11881 -0.380214 1.19982
-2.90259 -0.654074 0.848078
-2.1679 -0.605133 0.984474
-2.87897 -0.549957 0.0101833
-2.88807 -0.50373 -0.203002
-2.76121 0.160789 -0.0987073
-1.73074 -0.577567 1.21529
-1.01397 -0.537638 1.21138
-2.93479 -0.597864 0.44567
-2.91339 -0.657896 0.861867
-2.78502 -0.586032 1.0384
-2.60359 -0.666466 0.963266
-1.13453 -0.441261 1.20582
-2.8477 -0.261502 -0.173057
-2.88934 0.0437373 0.554876
-1.11694 -0.390381 1.21737
-2.89942 -0.0440563 0.960948
-2.39158 -0.62101 0.952666
-2.87191 0.0236025 0.555744
-2.13077 -0.624188 0.977299
-2.77086 -0.0545568 0.933279
-1.22525 -0.367283 1.23613
-1.04482 -0.0349674 1.26215
-2.03986 -0.394685 1.32505
-1.22918 -0.158722 1.22459
-1.01397 -0.537638 1.21138
-1.20797 -0.303715 1.21635
-1.23129 -0.239341 1.22342
-1.20967 -0.510191 1.18128
-1.09059 -0.245429 1.23625
-1.14606 -0.385812 1.21336
-1.1549 -0.772986 1.09877
-1.2589 -0.0402501 1.26629
-1.12265 -0.514995 1.20631
-1.8247 -0.375838 1.15889
-1.07829 -0.69904 1.18886
-1.1203 -0.372947 1.21364
-1.00222 -0.0786119 1.26966
-1.09182 -0.241496 1.22597
-1.11881 -0.380214 1.19982
